000062
000017
000038
000034
000052
000063
000033
000046
000056
000003
000074
000068
000036
000021
000018
000039
000002
000045
000035
000032
000067
000037
000055
000031
000011
000049
000005
000022
000060
000041
000029
000073
000064
000006
000000
000025
000023
000014
000050
000066
000051
000040
000043
000007
000020
000013
000044
000004
000071
000054
000024
000015
000047
000076
000012
000008
000053
000075
000048
000026
000016
000009
000010
000069
000061
000065
000001
000070
000072
000042
000057
000058
000077
000019
000028
000030
000059
