0 0.73358778626 0.575481256332 0.0534351145038 0.149949341439
0 0.849618320611 0.545592705167 0.0442748091603 0.100303951368
0 0.93358778626 0.564336372847 0.0778625954198 0.182370820669
0 0.798473282443 0.583080040527 0.0702290076336 0.138804457953
0 0.521374045802 0.539513677812 0.0442748091603 0.0780141843972
0 0.572519083969 0.552178318136 0.0488549618321 0.0932117527862
0 0.651145038168 0.558763931104 0.0534351145038 0.108409321175
0 0.0900763358779 0.587639311044 0.0396946564885 0.0749746707194
0 0.181679389313 0.555217831814 0.0427480916031 0.09726443769
0 0.134351145038 0.539007092199 0.030534351145 0.0587639311044
