0 0.306640625 0.896046852123 0.02734375 0.155197657394
0 0.34130859375 0.912884333821 0.0302734375 0.121522693997
0 0.14208984375 0.871888726208 0.0244140625 0.10980966325
0 0.2119140625 0.860907759883 0.025390625 0.120058565154
0 0.42529296875 0.86383601757 0.0185546875 0.10541727672
0 0.39990234375 0.87701317716 0.0185546875 0.12298682284
0 0.49853515625 0.888726207906 0.0283203125 0.134699853587
0 0.53125 0.879209370425 0.029296875 0.12737920937
0 0.56298828125 0.874816983895 0.0283203125 0.115666178624
0 0.83251953125 0.884333821376 0.0341796875 0.134699853587
0 0.37451171875 0.841142020498 0.0244140625 0.0717423133236
0 0.89501953125 0.853587115666 0.0205078125 0.10541727672
0 0.87060546875 0.85505124451 0.0263671875 0.108345534407
0 0.9658203125 0.841874084919 0.01953125 0.0790629575403
0 0.61767578125 0.842606149341 0.0146484375 0.086383601757
0 0.63623046875 0.828696925329 0.0146484375 0.0614934114202
