0 0.46044921875 0.757331378299 0.0517578125 0.324046920821
0 0.52490234375 0.74706744868 0.0537109375 0.344574780059
0 0.75634765625 0.678885630499 0.0419921875 0.272727272727
0 0.82421875 0.699413489736 0.0390625 0.24926686217
0 0.939453125 0.75 0.046875 0.324046920821
0 0.28857421875 0.703079178886 0.0458984375 0.104105571848
0 0.33837890625 0.679618768328 0.0341796875 0.0718475073314
0 0.38037109375 0.609237536657 0.0458984375 0.151026392962
0 0.4658203125 0.560117302053 0.0390625 0.0645161290323
0 0.609375 0.591642228739 0.02734375 0.109970674487
0 0.14306640625 0.682551319648 0.0458984375 0.0894428152493
