1 0.551388888889 0.635416666667 0.0444444444444 0.0625
0 0.350694444444 0.482291666667 0.0763888888889 0.252083333333
0 0.438888888889 0.420833333333 0.0305555555556 0.166666666667
0 0.461805555556 0.433333333333 0.0263888888889 0.141666666667
0 0.709722222222 0.469791666667 0.0694444444444 0.277083333333
0 0.863194444444 0.527083333333 0.0847222222222 0.404166666667
0 0.9375 0.320833333333 0.0416666666667 0.1375
0 0.109722222222 0.53125 0.0666666666667 0.458333333333
0 0.0194444444444 0.4625 0.0305555555556 0.229166666667
0 0.274305555556 0.417708333333 0.0236111111111 0.147916666667
0 0.404166666667 0.405208333333 0.025 0.127083333333
0 0.549305555556 0.40625 0.0263888888889 0.133333333333
0 0.761805555556 0.303125 0.0236111111111 0.05625
0 0.786111111111 0.298958333333 0.025 0.05625
