0 0.26884057971 0.692456479691 0.0884057971014 0.402321083172
0 0.43768115942 0.715667311412 0.0782608695652 0.460348162476
0 0.730434782609 0.52998065764 0.0579710144928 0.433268858801
0 0.807971014493 0.519342359768 0.0594202898551 0.411992263056
0 0.140579710145 0.622823984526 0.0927536231884 0.522243713733
0 0.265942028986 0.42166344294 0.0246376811594 0.135396518375
0 0.344202898551 0.435203094778 0.0536231884058 0.166344294004
0 0.0521739130435 0.546421663443 0.0434782608696 0.187620889749
0 0.0420289855072 0.412959381044 0.0289855072464 0.0715667311412
0 0.205072463768 0.459381044487 0.036231884058 0.195357833656
0 0.307246376812 0.402321083172 0.0260869565217 0.1083172147
0 0.65 0.447775628627 0.0594202898551 0.191489361702
0 0.64347826087 0.676982591876 0.095652173913 0.352030947776
0 0.561594202899 0.600580270793 0.0710144927536 0.141199226306
0 0.539855072464 0.372340425532 0.068115942029 0.0947775628627
0 0.863043478261 0.438104448743 0.0507246376812 0.257253384913
0 0.926811594203 0.489361702128 0.068115942029 0.352030947776
0 0.528985507246 0.471953578337 0.0985507246377 0.116054158607
