1 0.543700340522 0.431666666667 0.061293984109 0.0466666666667
0 0.551645856981 0.22 0.129398410897 0.266666666667
0 0.761066969353 0.285 0.121452894438 0.496666666667
0 0.873439273553 0.503333333333 0.0715096481271 0.246666666667
0 0.0465380249716 0.484166666667 0.0590238365494 0.261666666667
0 0.118047673099 0.429166666667 0.0408626560726 0.171666666667
0 0.177639046538 0.4125 0.0488081725312 0.165
0 0.237797956867 0.409166666667 0.0465380249716 0.151666666667
0 0.292281498297 0.415 0.0329171396141 0.133333333333
0 0.355278093076 0.4225 0.0317820658343 0.115
0 0.377979568672 0.394166666667 0.0340522133939 0.0416666666667
0 0.416572077185 0.418333333333 0.0363223609535 0.133333333333
