0 0.14990234375 0.632846715328 0.0634765625 0.389781021898
0 0.37255859375 0.647445255474 0.0810546875 0.480291970803
0 0.455078125 0.561313868613 0.046875 0.299270072993
0 0.20947265625 0.582481751825 0.0576171875 0.36496350365
0 0.26220703125 0.510948905109 0.0458984375 0.262773722628
0 0.703125 0.580291970803 0.05078125 0.354744525547
0 0.6572265625 0.541605839416 0.05078125 0.265693430657
0 0.90576171875 0.546715328467 0.0693359375 0.328467153285
0 0.78076171875 0.467883211679 0.0205078125 0.0890510948905
0 0.80419921875 0.468613138686 0.0146484375 0.0934306569343
0 0.55712890625 0.591240875912 0.0751953125 0.373722627737
0 0.595703125 0.451824817518 0.029296875 0.0394160583942
