0 0.46 0.521359223301 0.142857142857 0.669902912621
0 0.125 0.620388349515 0.07 0.370873786408
0 0.245714285714 0.608737864078 0.0542857142857 0.347572815534
0 0.305 0.605825242718 0.0671428571429 0.392233009709
0 0.339285714286 0.546601941748 0.05 0.421359223301
0 0.132142857143 0.373786407767 0.0642857142857 0.153398058252
0 0.198571428571 0.381553398058 0.0571428571429 0.106796116505
0 0.264285714286 0.368932038835 0.06 0.073786407767
0 0.605 0.595145631068 0.0614285714286 0.335922330097
0 0.740714285714 0.578640776699 0.0785714285714 0.4
0 0.859285714286 0.63786407767 0.0814285714286 0.297087378641
0 0.963571428571 0.311650485437 0.0728571428571 0.13786407767
0 0.882857142857 0.338834951456 0.0628571428571 0.153398058252
0 0.673571428571 0.603883495146 0.0585714285714 0.365048543689
1 0.341428571429 0.0815533980583 0.0457142857143 0.132038834951
