1 0.140186915888 0.0854166666667 0.224299065421 0.1375
1 0.369158878505 0.104166666667 0.152647975078 0.175
1 0.563862928349 0.0979166666667 0.11214953271 0.1875
1 0.842679127726 0.160416666667 0.308411214953 0.179166666667
1 0.151090342679 0.254166666667 0.252336448598 0.0916666666667
1 0.38785046729 0.291666666667 0.171339563863 0.15
1 0.582554517134 0.295833333333 0.130841121495 0.166666666667
1 0.828660436137 0.46875 0.292834890966 0.1875
1 0.140186915888 0.466666666667 0.274143302181 0.116666666667
1 0.392523364486 0.5 0.16199376947 0.208333333333
1 0.573208722741 0.510416666667 0.1246105919 0.195833333333
1 0.141744548287 0.677083333333 0.246105919003 0.179166666667
1 0.383177570093 0.704166666667 0.155763239875 0.125
1 0.576323987539 0.70625 0.13707165109 0.179166666667
1 0.146417445483 0.885416666667 0.255451713396 0.154166666667
1 0.389408099688 0.895833333333 0.16199376947 0.191666666667
1 0.580996884735 0.90625 0.140186915888 0.179166666667
1 0.830218068536 0.825 0.264797507788 0.316666666667
